BSE__600	3
BSE__601	0
BSE__602	4
BSE__631	4
BSE__632	3
BSE__633	3
BSE__634	5
BSE__635	4
BSE__636	1,2,3,4,5
BSE__638	1,2,3,4,5,6,7,8,9,10
BSE__642	1,2,3,4,5,6
BSE__644	4
BSE__645	6
BSE__655	1,2,3,4,5,6,7,8,9,10,11,12,13,14,15,16
BSE__660	1,2,3,4,5,6,7,8,9,10,11,12,13,14,15,16
BSE__666	0
BSE__680	0,1,2,3,4,5,6
BSE__685	2,3,4
BSE__686	2,3,4
BSE__700	4
BSE__701	2
BSE__702	2
BSE__703	2
BSE__704	2
BSE__705	4
BSE__706	4
BSE__707	4
BSE__708	2
BSE__710	2
BSE__711	2
BSE__712	4
BSE__720	4
BSE__721	4
BSE__730	2
BSE__732	4
BSE__733	1
BSE__734	2
BSE__735	1
BSE__736	4
BSE__737	1
BSE__738	4
BSE__739	1,2,3,4,5,6,7,8,9,10,11,12,13,14,15,16
BSE__741	4
BSE__770	1,2,3,4,5,6,7,8,9,10,11,12,13,14,15,16
BSE__XXX	0
