RELE_600	0,1,2,3,4,5,6,7,8,9,10,11,12,13,14,15,16,17,18,19,20
RELE_602	0,1,2,3,4,5,6,7,8,9,10,11,12,13,14,15,16,17,18,19,20
RELE_603	0,1,2,3,4,5,6,7,8,9,10,11,12,13,14,15,16,17,18,19,20
RELE_604	0,1,2,3,4,5,6,7,8,9,10,11,12,13,14,15,16,17,18,19,20
RELE_605	0,1,2,3,4,5,6,7,8,9,10,11,12,13,14,15,16,17,18,19,20
RELE_606	0,1,2,3,4,5,6,7,8,9,10,11,12,13,14,15,16,17,18,19,20
RELE_607	0,1,2,3,4,5,6,7,8,9,10,11,12,13,14,15,16,17,18,19,20
RELE_608	0,1,2,3,4,5,6,7,8,9,10,11,12,13,14,15,16,17,18,19,20
RELE_609	0,1,2,3,4,5,6,7,8,9,10,11,12,13,14,15,16,17,18,19,20
RELE_610	0,1,2,3,4,5,6,7,8,9,10,11,12,13,14,15,16,17,18,19,20
RELE_611	0,1,2,3,4,5,6,7,8,9,10,11,12,13,14,15,16,17,18,19,20
RELE_612	0,1,2,3,4,5,6,7,8,9,10,11,12,13,14,15,16,17,18,19,20
RELE_613	0,1,2,3,4,5,6,7,8,9,10,11,12,13,14,15,16,17,18,19,20
RELE_614	0,1,2,3,4,5,6,7,8,9,10,11,12,13,14,15,16,17,18,19,20
RELE_615	0,1,2,3,4,5,6,7,8,9,10,11,12,13,14,15,16,17,18,19,20
RELE_616	0,1,2,3,4,5,6,7,8,9,10,11,12,13,14,15,16,17,18,19,20
RELE_617	0,1,2,3,4,5,6,7,8,9,10,11,12,13,14,15,16,17,18,19,20
RELE_618	0,1,2,3,4,5,6,7,8,9,10,11,12,13,14,15,16,17,18,19,20
RELE_619	0,1,2,3,4,5,6,7,8,9,10,11,12,13,14,15,16,17,18,19,20
RELE_620	0,1,2,3,4,5,6,7,8,9,10,11,12,13,14,15,16,17,18,19,20
RELE_621	0,1,2
RELE_665	0,1,2
RELE_666	0,1,2
RELE_XXX	0
