CELE_600	0,1,2,3,4,5,6,7,8,9,10,11,12,13,14,15,16,17,18,19,20
CELE_601	0,1,2,3,4,5,6,7,8,9,10,11,12,13,14,15,16,17,18,19,20
CELE_602	0,1,2,3,4,5,6,7,8,9,10,11,12,13,14,15,16,17,18,19,20
CELE_603	0,1,2,3,4,5,6,7,8,9,10,11,12,13,14,15,16,17,18,19,20
CELE_604	0,1,2,3,4,5,6,7,8,9,10,11,12,13,14,15,16,17,18,19,20
CELE_605	0,1,2,3,4,5,6,7,8,9,10,11,12,13,14,15,16,17,18,19,20
CELE_606	0,1,2,3,4,5,6,7,8,9,10,11,12,13,14,15,16,17,18,19,20
CELE_607	0,1,2,3,4,5,6,7,8,9,10,11,12,13,14,15,16,17,18,19,20
CELE_608	0,1,2,3,4,5,6,7,8,9,10,11,12,13,14,15,16,17,18,19,20
CELE_609	0,1,2,3,4,5,6,7,8,9,10,11,12,13,14,15,16,17,18,19,20
CELE_610	0,1,2,3,4,5,6,7,8,9,10,11,12,13,14,15,16,17,18,19,20
CELE_611	0,1,2,3,4,5,6,7,8,9,10,11,12,13,14,15,16,17,18,19,20
CELE_612	0,1,2,3,4,5,6,7,8,9,10,11,12,13,14,15,16,17,18,19,20
CELE_613	0,1,2,3,4,5,6,7,8,9,10,11,12,13,14,15,16,17,18,19,20
CELE_614	0,1,2,3,4,5,6,7,8,9,10,11,12,13,14,15,16,17,18,19,20
CELE_615	0,1,2,3,4,5,6,7,8,9,10,11,12,13,14,15,16,17,18,19,20
CELE_616	0,1,2,3,4,5,6,7,8,9,10,11,12,13,14,15,16,17,18,19,20
CELE_617	0,1,2,3,4,5,6,7,8,9,10,11,12,13,14,15,16,17,18,19,20
CELE_618	0,1,2,3,4,5,6,7,8,9,10,11,12,13,14,15,16,17,18,19,20
CELE_619	0,1,2,3,4,5,6,7,8,9,10,11,12,13,14,15,16,17,18,19,20
CELE_620	0,1,2,3,4,5,6,7,8,9,10,11,12,13,14,15,16,17,18,19,20
CELE_XXX	0
