IE___118	3
IE___201	3
IE___312	3
IE___342	3
IE___345	3
IE___365	4
IE___380	3
IE___391	1
IE___392	1,2,3
IE___396	3
IE___397	2
IE___411	0,1,2,3,4
IE___441	3,4
IE___442	0,1,2,3,4
IE___444	3,4
IE___445	4
IE___446	3,4
IE___461	3,4
IE___463	3,4
IE___466	3,4
IE___467	3,4
IE___471	3,4
IE___472	3,4
IE___473	3,4
IE___481	3,4
IE___494	3,4
IE___496	0,1,2,3,4,5,6,7,8
IE___499	0
IE___511	4
IE___571	4
IE___591	1
IE___594	4
IE___595	0,1
IE___596	1,2,3,4
IE___598	0,1,2,3,4,5,6,7,8,9,10,11,12,13,14,15,16
IE___599	0,1,2,3,4,5,6,7,8,9,10,11,12,13,14,15,16
IE___XXX	0
