PT___350	3
PT___440	0,1,2,3,4,5,6,7,8,9,10,11,12,13,14,15,16,17,18,19,20
PT___496	1,2,3,4
PT___503	3
PT___506	3
PT___529	3
PT___533	5
PT___534	5
PT___540	4
PT___541	4
PT___542	4
PT___550	2
PT___555	2
PT___556	2
PT___563	3
PT___586	2,3,4
PT___587	1,2,3,4,5
PT___594	1,2,3,4
PT___595	1
PT___596	1,2,3,4
PT___597	0,1,2,3,4,5,6,7,8,9
PT___598	0,1,2,3,4,5,6,7,8,9,10,11,12,13,14,15,16
PT___600	4
PT___603	5
PT___604	4
PT___605	6
PT___617	4
PT___618	2
PT___620	1
PT___622	2
PT___623	3
PT___625	2
PT___626	3
PT___627	2
PT___628	3
PT___629	3
PT___630	1
PT___631	5
PT___632	5
PT___633	5
PT___634	5
PT___635	4
PT___636	4
PT___638	1
PT___639	1
PT___640	2
PT___641	12
PT___642	12
PT___643	12
PT___647	1,2,3,4,5,6,7,8,9,10,11,12
PT___648	1,2,3,4,5,6,7,8,9,10,11,12
PT___670	1
PT___671	2
PT___672	2
PT___694	1,2,3
PT___696	1,2,3
PT___XXX	0
