DHD__100	1
DHD__101	3
DHD__102	3
DHD__201	3
DHD__202	3
DHD__203	3
DHD__204	3
DHD__205	3
DHD__206	3
DHD__301	3
DHD__302	3
DHD__303	3
DHD__390	3
DHD__400	1
DHD__401	3
DHD__404	3,4
DHD__408	3
DHD__409	2
DHD__440	3
DHD__450	3,4
DHD__494	1,2,3,4
DHD__501	4
DHD__502	4
DHD__505	4
DHD__506	3
DHD__510	3
DHD__517	2,3
DHD__535	3
DHD__541	3
DHD__546	4
DHD__548	3
DHD__553	1
DHD__554	3
DHD__555	3
DHD__556	1
DHD__557	2
DHD__562	1
DHD__566	2
DHD__568	3
DHD__570	3
DHD__573	2,3
DHD__578	0,1,2,3,4
DHD__581	2
DHD__589	1
DHD__590	0,1,2,3,4,5,6,7,8,9,10,11,12
DHD__592	1
DHD__593	1,2,3,4,5,6,7,8
DHD__594	1,2,3,4
DHD__596	1,2,3,4
DHD__597	0,1,2,3,4,5,6,7,8,9,10,11,12,13,14,15,16
DHD__598	0,1,2,3,4,5,6,7,8,9,10,11,12,13,14,15,16
DHD__599	0,1,2,3,4,5,6,7,8,9,10,11,12,13,14,15,16
DHD__XXX	0
