CHE__150	3
CHE__201	3
CHE__205	3
CHE__210	4
CHE__230	3
CHE__301	3
CHE__311	3
CHE__312	3
CHE__313	3
CHE__321	3
CHE__330	3
CHE__341	3
CHE__381	2
CHE__382	2
CHE__392	1,2,3
CHE__396	3,4
CHE__397	4
CHE__425	3,4
CHE__427	0,1,2,3,4
CHE__433	3,4
CHE__438	3,4
CHE__450	3,4
CHE__451	3,4
CHE__453	3,4
CHE__454	3,4
CHE__455	3,4
CHE__494	1,2,3,4
CHE__496	0,1,2,3,4,5,6,7,8
CHE__499	0
CHE__502	4
CHE__512	4
CHE__520	4
CHE__531	4
CHE__545	4
CHE__592	4,5,6,7,8
CHE__594	1,2,3,4
CHE__595	1
CHE__597	0,1,2,3,4
CHE__598	0,1,2,3,4,5,6,7,8,9,10,11,12,13,14,15,16
CHE__599	0,1,2,3,4,5,6,7,8,9,10,11,12,13,14,15,16
CHE__XXX	0
