HN___100	2
HN___110	3
HN___196	3
HN___201	3
HN___202	2
HN___203	2
HN___296	3
HN___300	3
HN___302	3
HN___306	3
HN___307	3
HN___308	3
HN___309	3
HN___311	3
HN___313	3
HN___318	3
HN___320	3
HN___330	3
HN___332	2
HN___355	1,2,3,4
HN___396	1,2,3,4
HN___405	2
HN___406	2
HN___407	2
HN___410	4
HN___414	2
HN___420	3
HN___423	3
HN___425	3
HN___440	3
HN___455	1,2,3,4,5,6,7,8,9,10,11
HN___510	3
HN___555	3
HN___560	3
HN___594	1,2,3,4
HN___596	1,2,3,4
HN___597	0,1,2,3,4,5,6,7,8
HN___598	0,1,2,3,4,5,6,7,8,9,10,11,12,13,14,15,16
HN___599	0,1,2,3,4,5,6,7,8,9,10,11,12,13,14,15,16
HN___XXX	0
