AH___100	3
AH___110	4
AH___111	4
AH___122	3
AH___125	3
AH___130	3
AH___140	3
AH___150	3
AH___160	3
AH___180	3
AH___201	3
AH___204	3
AH___205	3
AH___206	3
AH___218	3
AH___232	3
AH___233	3
AH___235	3
AH___236	3
AH___259	3
AH___260	3
AH___263	3
AH___274	3
AH___275	3
AH___301	3
AH___302	3
AH___303	1
AH___399	1,2,3,4
AH___404	3,4
AH___450	3,4
AH___460	3,4
AH___470	3,4
AH___483	1,2,3,4
AH___490	3
AH___491	0,1,2,3,4,5,6,7,8,9,10,11,12
AH___492	1,2,3,4
AH___511	4
AH___512	0
AH___513	4
AH___590	0,1,2,3,4
AH___592	0,1,2,3,4,5,6,7,8,9,10,11,12,13,14,15,16
AH___596	1,2,3,4
AH___598	0,1,2,3,4,5,6,7,8
AH___599	0,1,2,3,4,5,6,7,8,9,10,11,12,13,14,15,16
AH___XXX	0
