CLER_601	1,2,3,4,5,6
CLER_602	1,2,3,4,5,6
CLER_603	1,2,3,4,5,6
CLER_604	1,2,3,4,5,6,7,8
CLER_605	1,2,3,4,5,6,7,8,9,10,11,12
CLER_606	1,2,3,4,5,6
CLER_608	2
CLER_610	0,1,2,3,4,5,6,7,8,9,10,11,12,13,14,15,16
CLER_611	0,1,2,3,4,5,6,7,8,9,10,11,12,13,14,15,16,17,18,19,20
CLER_612	2,3,4
CLER_613	1
CLER_614	1
CLER_616	1,2,3,4,5,6
CLER_617	1,2,3,4,5,6
CLER_618	1,2,3,4,5,6
CLER_619	1,2,3,4,5,6,7,8
CLER_620	1,2,3,4,5,6,7,8,9,10,11,12
CLER_621	1,2,3,4,5,6
CLER_622	4
CLER_623	0,1,2,3,4,5,6,7,8,9,10,11,12,13,14,15,16
CLER_624	16
CLER_625	2,3,4
CLER_631	1,2,3,4,5,6
CLER_632	1,2,3,4,5,6
CLER_633	1,2,3,4,5,6
CLER_634	1,2,3,4,5,6,7,8,9,10,11,12
CLER_635	1,2,3,4,5,6,7,8,9,10,11,12
CLER_637	1,2,3,4,5,6
CLER_639	0,1,2,3,4,5,6,7,8,9,10,11,12,13,14,15,16
CLER_640	16
CLER_641	1
CLER_642	1,2,3,4,5,6,7,8,9,10,11,12,13,14,15,16
CLER_XXX	0
