UPP__403	3,4
UPP__405	0,1,2,3,4
UPP__452	3,4
UPP__453	3,4
UPP__458	2
UPP__459	2
UPP__461	3,4
UPP__462	3,4
UPP__493	1,2,3,4
UPP__500	4
UPP__501	4
UPP__502	4
UPP__505	4
UPP__506	4
UPP__508	4
UPP__530	4
UPP__531	4
UPP__533	4
UPP__540	4
UPP__541	4
UPP__544	4
UPP__550	4
UPP__553	4
UPP__556	4,5,6,7,8
UPP__557	4
UPP__558	4
UPP__560	4
UPP__562	4
UPP__564	4
UPP__566	4
UPP__570	4
UPP__572	4
UPP__575	4
UPP__583	4
UPP__590	0,1,2,3,4
UPP__592	1,2,3,4,5,6,7,8,9,10,11,12,13,14,15,16,17,18
UPP__593	1,2,3,4,5,6,7,8
UPP__594	1,2,3,4
UPP__595	2
UPP__596	1,2,3,4
UPP__597	0,1,2,3,4
UPP__598	0,1,2,3,4,5,6,7,8,9,10,11,12,13,14,15,16
UPP__599	0,1,2,3,4,5,6,7,8,9,10,11,12,13,14,15,16
UPP__XXX	0
