PELE_600	0,1,2,3,4,5,6,7,8,9,10,11,12,13,14,15,16,17,18,19,20
PELE_602	0,1,2,3,4,5,6,7,8,9,10,11,12,13,14,15,16,17,18,19,20
PELE_603	0,1,2,3,4,5,6,7,8,9,10,11,12,13,14,15,16,17,18,19,20
PELE_604	0,1,2,3,4,5,6,7,8,9,10,11,12,13,14,15,16,17,18,19,20
PELE_605	0,1,2,3,4,5,6,7,8,9,10,11,12,13,14,15,16,17,18,19,20
PELE_606	0,1,2,3,4,5,6,7,8,9,10,11,12,13,14,15,16,17,18,19,20
PELE_607	0,1,2,3,4,5,6,7,8,9,10,11,12,13,14,15,16,17,18,19,20
PELE_608	0,1,2,3,4,5,6,7,8,9,10,11,12,13,14,15,16,17,18,19,20
PELE_609	0,1,2,3,4,5,6,7,8,9,10,11,12,13,14,15,16,17,18,19,20
PELE_610	0,1,2,3,4,5,6,7,8,9,10,11,12,13,14,15,16,17,18,19,20
PELE_611	0,1,2,3,4,5,6,7,8,9,10,11,12,13,14,15,16,17,18,19,20
PELE_612	0,1,2,3,4,5,6,7,8,9,10,11,12,13,14,15,16,17,18,19,20
PELE_613	0,1,2,3,4,5,6,7,8,9,10,11,12,13,14,15,16,17,18,19,20
PELE_614	0,1,2,3,4,5,6,7,8,9,10,11,12,13,14,15,16,17,18,19,20
PELE_615	0,1,2,3,4,5,6,7,8,9,10,11,12,13,14,15,16,17,18,19,20
PELE_616	0,1,2,3,4,5,6,7,8,9,10,11,12,13,14,15,16,17,18,19,20
PELE_617	0,1,2,3,4,5,6,7,8,9,10,11,12,13,14,15,16,17,18,19,20
PELE_618	0,1,2,3,4,5,6,7,8,9,10,11,12,13,14,15,16,17,18,19,20
PELE_619	0,1,2,3,4,5,6,7,8,9,10,11,12,13,14,15,16,17,18,19,20
PELE_620	0,1,2,3,4,5,6,7,8,9,10,11,12,13,14,15,16,17,18,19,20
PELE_XXX	0
