GER__101	4
GER__102	4
GER__103	4
GER__104	4
GER__207	3
GER__212	3
GER__214	3
GER__217	4
GER__219	3
GER__299	0,1,2,3,4,5,6,7,8,9,10,11,12,13,14,15,16,17
GER__300	1
GER__310	3
GER__311	3
GER__398	3
GER__399	1,2,3
GER__448	3,4
GER__449	3,4
GER__461	0,1,2,3,4,5,6,7,8,9,10,11,12,13,14,15,16,17
GER__492	0,1,2,3,4,5,6,7,8,9,10,11,12
GER__493	1,2,3,4
GER__494	6
GER__495	6
GER__515	4
GER__531	4
GER__550	4
GER__593	4
GER__596	1,2,3,4
GER__598	0,1,2,3,4,5,6,7,8,9,10,11,12,13,14,15,16
GER__599	0,1,2,3,4,5,6,7,8,9,10,11,12,13,14,15,16
GER__XXX	0
