ME___118	3
ME___205	3
ME___210	3
ME___211	4
ME___250	3
ME___261	2
ME___293	1,2,3,4
ME___308	3
ME___312	3
ME___320	3,4
ME___321	4
ME___325	3
ME___341	3
ME___347	3
ME___370	3
ME___380	3
ME___391	1
ME___392	1,2,3
ME___396	3
ME___397	2
ME___401	3,4
ME___410	3,4
ME___411	0,1,2,3,4
ME___415	3,4
ME___417	3,4
ME___419	3,4
ME___421	3,4
ME___422	3,4
ME___424	3,4
ME___428	3,4
ME___429	3,4
ME___444	3,4
ME___445	4
ME___449	0,1,2,3,4,5
ME___450	3,4
ME___481	3,4
ME___494	3,4
ME___496	0,1,2,3,4,5,6,7,8
ME___497	0,1,2,3,4,5,6,7,8
ME___499	0
ME___501	4
ME___502	4
ME___511	4
ME___515	4
ME___520	4
ME___525	4
ME___541	4
ME___562	4
ME___574	4
ME___591	1
ME___594	4
ME___595	0,1
ME___596	1,2,3,4
ME___598	0,1,2,3,4,5,6,7,8,9,10,11,12,13,14,15,16
ME___599	0,1,2,3,4,5,6,7,8,9,10,11,12,13,14,15,16
ME___XXX	0
