ELSI_011	10
ELSI_012	10
ELSI_013	10
ELSI_014	10
ELSI_021	10
ELSI_022	10
ELSI_023	10
ELSI_024	10
ELSI_041	10
ELSI_043	3
ELSI_044	1
ELSI_045	3
ELSI_047	1
ELSI_048	1
ELSI_049	1
ELSI_061	1,2,3,4,5,6
ELSI_062	1,2,3,4,5,6
ELSI_069	1,2,3,4,5,6
ELSI_070	1,2,3,4,5,6
ELSI_071	1,2,3,4,5,6
ELSI_073	1,2,3,4,5,6
ELSI_074	1,2,3,4,5,6
ELSI_075	1,2,3,4,5,6
ELSI_076	1,2,3,4,5,6
ELSI_077	1,2,3,4,5,6
ELSI_081	1,2,3,4,5,6
ELSI_082	1,2,3,4,5,6
ELSI_083	1,2,3,4,5,6
ELSI_084	1,2,3,4,5,6
ELSI_086	1,2,3,4,5,6
ELSI_087	1,2,3,4,5,6
ELSI_088	1,2,3,4,5,6
ELSI_089	1,2,3,4,5,6
ELSI_090	1,2,3,4,5,6
ELSI_091	1,2,3,4,5,6,7,8,9,10,11,12,13,14,15,16,17,18,19,20
ELSI_092	1,2,3,4,5,6,7,8,9,10,11,12,13,14,15,16,17,18,19,20
ELSI_XXX	0
