ED___100	3
ED___101	3
ED___135	3
ED___151	1
ED___152	1
ED___160	3
ED___194	1,2,3,4
ED___199	3
ED___200	3
ED___201	3
ED___202	3
ED___205	3
ED___210	3
ED___217	3
ED___222	3
ED___252	3
ED___264	3
ED___299	3
ED___307	3
ED___350	3
ED___351	4
ED___394	1,2,3,4
ED___396	1,2,3,4
ED___402	3
ED___403	3
ED___410	3
ED___416	3
ED___417	3
ED___424	3,4
ED___425	4
ED___432	5
ED___445	3
ED___450	1,2,3,4,5,6,7,8,9,10,11,12
ED___451	0,1,2,3,4,5,6,7,8,9,10,11,12
ED___461	3
ED___470	0,1,2,3,4,5,6,7,8,9,10,11,12
ED___471	0,1,2,3,4,5,6,7,8,9,10,11,12
ED___472	3
ED___499	4
ED___502	4
ED___503	4
ED___504	4
ED___505	4
ED___506	4
ED___594	1,2,3,4
ED___596	1,2,3,4
ED___XXX	0
