ECE__115	4
ECE__210	3
ECE__225	4
ECE__265	4
ECE__266	4
ECE__310	3
ECE__311	4
ECE__317	4
ECE__322	4
ECE__333	4
ECE__340	4
ECE__341	3
ECE__342	4
ECE__346	4
ECE__347	3
ECE__350	4
ECE__366	3
ECE__391	1
ECE__392	1,2,3,4,5
ECE__394	1,2,3,4
ECE__396	2
ECE__397	2
ECE__407	3,4
ECE__410	3,4
ECE__412	3,4
ECE__415	3,4
ECE__417	0,1,2,3,4,5
ECE__418	3,4
ECE__421	3,4
ECE__423	0,1,2,3,4,5
ECE__424	0,1,2,3,4,5
ECE__432	3,4
ECE__434	3,4
ECE__436	3,4
ECE__437	3,4
ECE__440	3,4
ECE__442	0,1,2,3,4,5
ECE__445	0,1,2,3,4,5
ECE__448	3,4
ECE__449	0,1,2,3,4,5
ECE__451	3,4
ECE__452	3,4
ECE__454	0,1,2,3,4,5
ECE__458	0,1,2,3,4
ECE__464	3,4
ECE__465	3,4
ECE__466	3,4
ECE__467	0,1,2,3,4,5
ECE__468	0,1,2,3,4,5
ECE__469	0,1,2,3,4,5
ECE__491	1,2,3,4
ECE__493	1,2,3,4,5
ECE__499	0
ECE__508	4
ECE__516	4
ECE__520	4
ECE__522	4
ECE__523	4
ECE__530	4
ECE__531	4
ECE__533	4
ECE__534	4
ECE__540	4
ECE__541	4
ECE__542	4
ECE__545	4
ECE__550	4
ECE__559	4
ECE__565	4
ECE__566	4
ECE__568	4
ECE__569	4
ECE__572	4
ECE__591	1
ECE__594	4
ECE__595	0
ECE__596	1,2,3,4
ECE__598	0,1,2,3,4,5,6,7,8,9,10,11,12,13,14,15,16
ECE__599	0,1,2,3,4,5,6,7,8,9,10,11,12,13,14,15,16
ECE__XXX	0
